1037794
1041824
1039513
1041468
1041409
1041229
1041787
1041387
1041788
1041536
1037819
1039495
1041790
1041492
1040451
1039048
1041435
1041175
1039505
1041794
1041792
1041796
1041800
1041803
1041503
1041564
1041606
1037792
1041805
1041580
1041493
1037824
1041557
1039939
1041596
1041573
1037554
1037229
1036515
1041528
1038952
1037246
1041522
1039578
1041563
1039198
1037764
1039499
1041587
1039197
1040112
1036699
1040971
1041568
1037343
1041538
1041496
1041599
1041517
1037230
1041577
1041533
1040715
1040271
1040983
1040826
1041511
1037700
1038355
1039798
1038422
1041404
1037561
1037322
1038665
1040557
1041230
1039983
1040676
1037208
1038136
1041311
1038445
1038345
1041407
1037021
1041418
1040714
1039851
1036288
1040370
1041262
1037370
1036314
1037471
1040675
1037467
1038927
1039413
1036388
1039012
1041414
1038849
1036700
1036401
1041300
1039762
1036707
1037720
1038673
1038020
1038403
1036814
1040963
1039780
1037703
1037469
1038869
1039061
1040240
1039314
1040759
1036317
1036380
1041050
1036672
1039013
1036728
1037754
1037749
1039579
1040783
1036532
1037314
1037048
1036646
1036289
1039998
1037732
1041406
1039069
1039794
1040622
1040468
1036543
1040885
1040625
1036730
1036864
1037320
1036479
1037795
1039565
1039649
1040268
1041077
1040118
1039296
1039360
1040691
1040657
1039771
1038382
1036670
1039334
1041656
1037664
1039829
1037243
1039575
1040120
1040467
1036385
1040791
1038058
1039510
1040780
1037080
1037321
1039583
1037115
1038764
1036371
1038414
1037178
1037660
1041403
1038492
1037272
1039786
1041685
1041669
1039787
1039864
1039614
1037662
1038467
1037368
1041193
1037113
1041638
1037251
1040866
1037110
1040446
1038731
1039153
1040075
1037546
1039743
1039517
1039849
1040044
1040737
1041703
1036400
1039297
1036547
1036392
1040106
1036739
1038578
1038586
1037144
1037870
1038022
1037227
1040521
1036866
1038425
1036418
1040440
1041389
1039870
1040369
1040548
1038881
1041629
1040899
1036776
1040722
1037245
1040426
1041354
1038800
1040846
1036579
1039174
1040241
1036580
1038527
1041396
1039425
1037147
1037084
1037804
1041267
1038550
1038968
1039669
1036603
1037701
1040111
1040964
1038346
1041417
1039507
1036292
1041303
1038721
1038850
1038945
1040377
1040051
1041073
1040364
1038651
1036544
1037459
1037019
1039129
1037862
1038187
1036409
1038191
1036574
1037244
1040687
1036731
1040604
1039735
1038584
1037970
1039157
1038427
1037523
1037950
1040980
1036813
1038743
1039927
1038426
1036711
1040685
1038313
1039834
1039518
1040720
1037391
1041065
1037257
1038867
1039608
1039733
1038582
1039905
1037273
1039781
1038642
1039014
1040532
1038500
1039041
1037414
1040421
1039587
1040956
1041284
1037889
1037349
1038916
1039438
1037318
1039589
1038907
1039155
1041319
1037055
1036562
1037465
1038802
1037687
1040928
1036589
1036358
1039046
1040138
1040367
1036594
1040178
1038561
1038003
1040002
1040633
1037528
1037597
1039581
1037793
1040772
1041022
1038198
1039072
1038774
1038687
1038201
1036319
1039304
1040985
1037774
1041020
1039189
1037106
1037234
1040244
1037967
1038061
1038797
1040416
1036421
1036350
1036642
1037526
1038347
1038458
1039528
1041612
1036713
1037941
1039150
1040480
1036867
1039724
1037657
1040979
1036822
1040818
1040522
1040382
1040990
1039486
1036415
1039986
1037118
1038739
1041337
1042251
1040583
1037550
1038276
1038652
1039568
1040273
1038037
1040116
1040206
1037405
1040475
1039941
1038707
1040606
1038332
1037480
1037123
1040713
1037026
1039379
1039277
1036865
1039885
1038496
1040148
1038062
1039176
1040329
1040187
1039386
1036326
1037201
1038966
1040586
1039778
1036424
1037949
1037249
1037043
1041194
1039956
1037796
1036301
1038509
1039102
1040741
1037458
1038799
1040278
1038309
1038897
1037541
1040035
1039752
1041315
1039044
1039747
1037330
1039357
1041280
1040287
1038460
1036935
1039366
1037427
1040161
1039853
1039566
1040668
1040066
1039672
1036666
1038675
1036545
1040094
1040022
1036734
1038349
1040717
1037983
1037327
1039715
1040167
1037811
1040129
1037672
1037198
1039884
1036738
1037289
1037476
1037984
1037324
1040455
1040581
1037279
1038837
1038447
1040368
1038838
1038357
1039512
1041623
1036592
1038678
1038816
1038724
1037475
1037399
1038853
1039088
1038958
1037725
1040597
1039469
1040847
1039873
1037192
1038210
1039900
1040428
1041408
1040113
1037328
1037549
1039018
1040825
1039292
1039607
1036763
1040584
1039415
1037371
1039630
1036654
1039757
1039800
1041291
1040787
1040732
1037062
1038137
1036695
1038508
1036522
1037888
1040248
1040589
1036416
1037506
1037358
1040175
1037874
1038931
1039524
1041102
1036869
1038250
1036518
1038470
1038752
1039108
1039282
1040055
1037190
1036428
1036664
1040888
1037434
1038646
1039914
1039251
1041388
1041142
1038007
1038494
1041308
1041144
1037708
1037473
1040786
1041072
1037798
1038940
1039879
1037132
1037153
1040506
1039500
1040708
1038903
1038981
1036554
1038715
1037031
1040459
1039361
1036336
1037350
1037933
1040896
1037072
1040432
1039763
1041029
1037537
1036567
1039171
1036516
1040784
1038791
1037332
1039132
1040275
1041246
1039106
1038455
1038167
1040226
1039818
1040561
1040643
1036587
1037338
1037146
1037963
1039345
1039149
1037472
1041176
1037711
1037899
1041047
1041165
1040864
1041708
1039654
1037382
1040462
1037567
1036920
1037985
1038416
1039348
1036946
1040150
1039679
1041478
1040594
1037530
1037684
1040815
1036727
1039491
1041351
1041934
1041249
1037999
1040097
1038749
1037867
1042438
1036901
1040341
1038415
1039136
1037710
1042459
1042061
1037884
1037659
1036367
1036674
1041265
1037651
1039492
1036601
1037898
1040041
1037275
1037897
1041182
1038515
1036353
1040688
1040289
1041659
1038270
1037403
1037211
1037067
1039734
1038352
1040454
1037103
1041929
1038396
1040434
1040638
1041261
1038237
1037805
1037498
1036801
1040547
1036774
1037009
1036997
1040841
1036703
1036794
1040027
1036458
1039320
1041038
1041239
1036528
1037488
1036698
1036411
1037601
1037138
1036393
1038946
1038127
1041352
1037501
1037361
1040539
1036542
1036818
1040181
1041374
1039142
1036595
1041334
1039782
1037876
1041197
1041273
1039875
1039308
1036386
1038365
1041346
1038312
1036576
1041930
1036382
1037665
1042025
1037516
1042286
1036360
1037076
1039862
1041079
1037965
1036550
1039883
1036949
1036980
1041327
1036549
1036652
1040706
1039598
1037224
1037487
1037439
1039167
1039696
1040088
1041976
1039160
1036704
1037821
1039865
1036634
1037638
1040968
1036748
1036412
1042259
1041450
1038080
1040096
1041980
1041987
1036463
1037085
1041143
1037136
1039620
1038982
1040033
1041453
1036877
1038841
1039064
1039430
1036994
1038431
1037313
1038045
1037704
1038226
1038632
1039924
1039272
1040185
1037842
1039729
1037767
1036847
1036945
1039338
1040208
1039465
1040662
1040123
1037384
1037058
1036300
1040564
1039769
1037077
1036956
1038636
1041377
1038863
1040257
1037972
1039203
1040988
1038856
1039594
1036840
1038941
1036593
1038526
1038820
1040585
1040527
1036434
1039765
1040738
1038770
1040230
1037954
1037296
1037133
1036404
1037620
1042008
1037237
1040731
1038450
1038307
1037205
1040824
1036621
1037670
1038156
1037041
1039177
1039181
1039313
1038839
1038192
1040435
1037536
1039754
1039523
1036720
1037685
1037799
1042157
1037231
1038631
1040052
1038150
1040311
1037641
1041355
1037202
1039760
1036464
1036422
1040608
1039230
1039065
1039351
1036486
1040378
1038524
1036363
1037247
1039435
1040105
1039876
1041286
1040410
1038222
1036792
1040496
1041869
1039312
1038594
1038577
1036795
1039356
1037342
1041199
1037312
1040591
1038637
1040797
1039468
1039388
1038776
1040614
1039711
1042451
1040821
1038043
1040448
1036337
1037787
1040411
1040170
1036793
1037830
1039139
1038962
1036309
1038807
1038806
1037051
1041347
1037590
1036622
1042274
1037855
1036941
1041991
1038580
1036375
1040212
1041211
1041056
1040852
1038218
1041722
1041626
1036619
1036327
1041163
1041761
1042211
1038178
1040305
1036606
1041253
1041695
1038363
1041756
1037460
1040526
1038367
1036648
1038817
1038574
1038048
1041693
1036977
1040766
1041184
1036861
1040503
1038483
1041365
1042321
1037713
1040917
1037492
1038666
1040362
1041041
1041207
1037598
1038140
1036425
1041764
1038660
1036548
1041739
1037352
1040653
1037271
1037988
1038644
1040955
1037992
1041238
1039570
1037991
1039838
1037979
1040288
1040252
1039475
1041826
1040135
1039066
1036316
1040304
1041237
1040765
1037421
1041630
1041258
1041263
1038401
1039615
1039059
1038429
1038996
1040042
1040059
1038423
1041614
1041231
1038891
1038808
1041358
1040456
1040400
1040295
1041069
1040623
1038717
1040470
1040822
1041241
1038165
1036584
1039070
1042158
1040692
1041672
1036453
1037359
1039372
1036923
1040036
1040134
1042053
1039774
1039683
1037081
1039434
1041682
1039213
1038448
1038023
1036417
1037734
1040927
1039728
1037364
1041268
1041964
1036916
1036982
1040729
1037770
1042472
1041145
1037491
1042381
1039960
1038473
1037961
1040179
1038628
1036569
1037911
1040081
1041658
1039670
1038938
1040944
1040171
1037829
1040798
1042391
1036624
1041180
1037527
1038138
1040947
1039389
1040476
1040854
1036906
1037854
1038667
1036523
1039569
1041250
1040542
1038864
1039571
1041825
1038635
1040293
1036508
1040393
1040644
1040488
1037608
1041297
1040490
1037816
1036807
1039173
1037053
1040095
1039487
1039217
1038262
1036322
1040760
1036420
1039452
1038024
1037109
1036675
1039453
1041119
1038844
1038805
1039317
1039191
1039148
1038034
1037782
1039648
1037334
1040203
1039343
1041256
1038828
1041266
1040142
1039073
1042432
1038801
1036591
1037119
1040665
1040107
1039911
1040076
1039445
1038351
1040071
1039019
1038228
1038835
1038657
1036895
1041099
1039255
1039068
1040074
1038821
1037142
1040945
1039496
1037210
1039600
1036669
1036389
1039215
1040757
1037417
1036929
1040771
1037373
1039681
1039809
1040424
1040728
1037156
1042449
1036302
1039287
1042404
1040855
1040533
1036536
1038953
1039184
1040046
1041436
1040925
1038175
1039290
1039393
1042195
1039555
1040975
1038461
1040930
1038970
1042430
1040093
1038969
1038361
1039067
1039433
1038591
1037655
1041421
1038406
1039636
1042107
1041104
1041328
1038453
1040339
1042375
1036962
1039216
1039767
1039639
1042060
1040677
1037623
1040816
1040777
1037344
1041298
1042083
1036919
1039042
1037045
1036352
1041270
1040949
1040891
1042150
1037765
1039708
1036655
1040890
1036615
1038833
1037064
1040403
1040358
1040330
1042413
1041760
1041701
1039840
1038068
1039529
1041775
1039439
1038028
1036824
1041925
1040251
1040398
1041678
1041433
1040829
1039642
1036911
1039163
1040747
1036885
1040811
1037228
1037441
1041657
1041628
1041621
1040423
1038518
1036914
1038163
1036590
1040222
1040884
1039210
1040565
1042465
1038589
1038846
1038411
1037162
1038810
1038482
1040274
1040958
1037566
1038759
1036339
1041063
1038499
1037396
1040438
1038190
1039971
1039099
1037112
1036605
1040172
1036714
1040227
1039392
1041423
1037394
1040296
1038134
1038141
1037513
1040801
1036771
1038131
1039802
1041992
1038872
1039753
1037212
1038259
1041244
1040976
1037258
1041048
1036637
1039987
1038942
1039451
1036362
1040218
1040744
1038485
1039882
1039549
1041157
1037217
1038428
1040225
1039881
1039807
1038498
1040923
